  File: /data/mephi-web
  Size: 4096      	Blocks: 8          IO Block: 4096   directory
Device: 8,17	Inode: 2           Links: 3
Access: (2775/drwxrwsr-x)  Uid: ( 1001/mephi-admin)   Gid: ( 1001/mephi-devs)
Context: system_u:object_r:httpd_sys_content_t:s0
Access: 2026-04-09 12:20:56.473290103 +0300
Modify: 2026-04-09 16:25:44.217766061 +0300
Change: 2026-04-09 16:25:44.217766061 +0300
 Birth: 2026-04-08 13:29:07.000000000 +0300
